     1    6        -1        -1     1000022     1000022          -1          -1                                                              
     2    6        -1         1     1000022     1000022           1          -1                                                              
     3    6        -1         1     1000022     1000022           2          -2                                                              
     4    6        -1         1     1000022     1000022           4          -4                                                              
     5    6        -1         1     1000022     1000022           3          -3                                                              
     6    6        -1         1     1000022     1000022           5          -5                                                              
     7    6        -1         1     1000022     1000022          21          21                                                              
     8    6        -1        -2     1000022     1000022          -1          -2                                                              
     9    6        -1         2     1000022     1000022          -1           2                                                              
    10    6        -1        -4     1000022     1000022          -1          -4                                                              
    11    6        -1         4     1000022     1000022          -1           4                                                              
    12    6        -1        -3     1000022     1000022          -1          -3                                                              
    13    6        -1         3     1000022     1000022          -1           3                                                              
    14    6        -1        -5     1000022     1000022          -1          -5                                                              
    15    6        -1         5     1000022     1000022          -1           5                                                              
    16    6        -1        21     1000022     1000022          -1          21                                                              
    17    6         1        -1     1000022     1000022           1          -1                                                              
    18    6         1        -1     1000022     1000022           2          -2                                                              
    19    6         1        -1     1000022     1000022           4          -4                                                              
    20    6         1        -1     1000022     1000022           3          -3                                                              
    21    6         1        -1     1000022     1000022           5          -5                                                              
    22    6         1        -1     1000022     1000022          21          21                                                              
    23    6         1         1     1000022     1000022           1           1                                                              
    24    6         1        -2     1000022     1000022           1          -2                                                              
    25    6         1         2     1000022     1000022           1           2                                                              
    26    6         1        -4     1000022     1000022           1          -4                                                              
    27    6         1         4     1000022     1000022           1           4                                                              
    28    6         1        -3     1000022     1000022           1          -3                                                              
    29    6         1         3     1000022     1000022           1           3                                                              
    30    6         1        -5     1000022     1000022           1          -5                                                              
    31    6         1         5     1000022     1000022           1           5                                                              
    32    6         1        21     1000022     1000022           1          21                                                              
    33    6        -2        -1     1000022     1000022          -1          -2                                                              
    34    6        -2         1     1000022     1000022           1          -2                                                              
    35    6        -2        -2     1000022     1000022          -2          -2                                                              
    36    6        -2         2     1000022     1000022           1          -1                                                              
    37    6        -2         2     1000022     1000022           2          -2                                                              
    38    6        -2         2     1000022     1000022           4          -4                                                              
    39    6        -2         2     1000022     1000022           3          -3                                                              
    40    6        -2         2     1000022     1000022           5          -5                                                              
    41    6        -2         2     1000022     1000022          21          21                                                              
    42    6        -2        -4     1000022     1000022          -2          -4                                                              
    43    6        -2         4     1000022     1000022          -2           4                                                              
    44    6        -2        -3     1000022     1000022          -2          -3                                                              
    45    6        -2         3     1000022     1000022          -2           3                                                              
    46    6        -2        -5     1000022     1000022          -2          -5                                                              
    47    6        -2         5     1000022     1000022          -2           5                                                              
    48    6        -2        21     1000022     1000022          -2          21                                                              
    49    6         2        -1     1000022     1000022          -1           2                                                              
    50    6         2         1     1000022     1000022           1           2                                                              
    51    6         2        -2     1000022     1000022           1          -1                                                              
    52    6         2        -2     1000022     1000022           2          -2                                                              
    53    6         2        -2     1000022     1000022           4          -4                                                              
    54    6         2        -2     1000022     1000022           3          -3                                                              
    55    6         2        -2     1000022     1000022           5          -5                                                              
    56    6         2        -2     1000022     1000022          21          21                                                              
    57    6         2         2     1000022     1000022           2           2                                                              
    58    6         2        -4     1000022     1000022           2          -4                                                              
    59    6         2         4     1000022     1000022           2           4                                                              
    60    6         2        -3     1000022     1000022           2          -3                                                              
    61    6         2         3     1000022     1000022           2           3                                                              
    62    6         2        -5     1000022     1000022           2          -5                                                              
    63    6         2         5     1000022     1000022           2           5                                                              
    64    6         2        21     1000022     1000022           2          21                                                              
    65    6        -4        -1     1000022     1000022          -1          -4                                                              
    66    6        -4         1     1000022     1000022           1          -4                                                              
    67    6        -4        -2     1000022     1000022          -2          -4                                                              
    68    6        -4         2     1000022     1000022           2          -4                                                              
    69    6        -4        -4     1000022     1000022          -4          -4                                                              
    70    6        -4         4     1000022     1000022           1          -1                                                              
    71    6        -4         4     1000022     1000022           2          -2                                                              
    72    6        -4         4     1000022     1000022           4          -4                                                              
    73    6        -4         4     1000022     1000022           3          -3                                                              
    74    6        -4         4     1000022     1000022           5          -5                                                              
    75    6        -4         4     1000022     1000022          21          21                                                              
    76    6        -4        -3     1000022     1000022          -4          -3                                                              
    77    6        -4         3     1000022     1000022          -4           3                                                              
    78    6        -4        -5     1000022     1000022          -4          -5                                                              
    79    6        -4         5     1000022     1000022          -4           5                                                              
    80    6        -4        21     1000022     1000022          -4          21                                                              
    81    6         4        -1     1000022     1000022          -1           4                                                              
    82    6         4         1     1000022     1000022           1           4                                                              
    83    6         4        -2     1000022     1000022          -2           4                                                              
    84    6         4         2     1000022     1000022           2           4                                                              
    85    6         4        -4     1000022     1000022           1          -1                                                              
    86    6         4        -4     1000022     1000022           2          -2                                                              
    87    6         4        -4     1000022     1000022           4          -4                                                              
    88    6         4        -4     1000022     1000022           3          -3                                                              
    89    6         4        -4     1000022     1000022           5          -5                                                              
    90    6         4        -4     1000022     1000022          21          21                                                              
    91    6         4         4     1000022     1000022           4           4                                                              
    92    6         4        -3     1000022     1000022           4          -3                                                              
    93    6         4         3     1000022     1000022           4           3                                                              
    94    6         4        -5     1000022     1000022           4          -5                                                              
    95    6         4         5     1000022     1000022           4           5                                                              
    96    6         4        21     1000022     1000022           4          21                                                              
    97    6        -3        -1     1000022     1000022          -1          -3                                                              
    98    6        -3         1     1000022     1000022           1          -3                                                              
    99    6        -3        -2     1000022     1000022          -2          -3                                                              
   100    6        -3         2     1000022     1000022           2          -3                                                              
   101    6        -3        -4     1000022     1000022          -4          -3                                                              
   102    6        -3         4     1000022     1000022           4          -3                                                              
   103    6        -3        -3     1000022     1000022          -3          -3                                                              
   104    6        -3         3     1000022     1000022           1          -1                                                              
   105    6        -3         3     1000022     1000022           2          -2                                                              
   106    6        -3         3     1000022     1000022           4          -4                                                              
   107    6        -3         3     1000022     1000022           3          -3                                                              
   108    6        -3         3     1000022     1000022           5          -5                                                              
   109    6        -3         3     1000022     1000022          21          21                                                              
   110    6        -3        -5     1000022     1000022          -3          -5                                                              
   111    6        -3         5     1000022     1000022          -3           5                                                              
   112    6        -3        21     1000022     1000022          -3          21                                                              
   113    6         3        -1     1000022     1000022          -1           3                                                              
   114    6         3         1     1000022     1000022           1           3                                                              
   115    6         3        -2     1000022     1000022          -2           3                                                              
   116    6         3         2     1000022     1000022           2           3                                                              
   117    6         3        -4     1000022     1000022          -4           3                                                              
   118    6         3         4     1000022     1000022           4           3                                                              
   119    6         3        -3     1000022     1000022           1          -1                                                              
   120    6         3        -3     1000022     1000022           2          -2                                                              
   121    6         3        -3     1000022     1000022           4          -4                                                              
   122    6         3        -3     1000022     1000022           3          -3                                                              
   123    6         3        -3     1000022     1000022           5          -5                                                              
   124    6         3        -3     1000022     1000022          21          21                                                              
   125    6         3         3     1000022     1000022           3           3                                                              
   126    6         3        -5     1000022     1000022           3          -5                                                              
   127    6         3         5     1000022     1000022           3           5                                                              
   128    6         3        21     1000022     1000022           3          21                                                              
   129    6        -5        -1     1000022     1000022          -1          -5                                                              
   130    6        -5         1     1000022     1000022           1          -5                                                              
   131    6        -5        -2     1000022     1000022          -2          -5                                                              
   132    6        -5         2     1000022     1000022           2          -5                                                              
   133    6        -5        -4     1000022     1000022          -4          -5                                                              
   134    6        -5         4     1000022     1000022           4          -5                                                              
   135    6        -5        -3     1000022     1000022          -3          -5                                                              
   136    6        -5         3     1000022     1000022           3          -5                                                              
   137    6        -5        -5     1000022     1000022          -5          -5                                                              
   138    6        -5         5     1000022     1000022           1          -1                                                              
   139    6        -5         5     1000022     1000022           2          -2                                                              
   140    6        -5         5     1000022     1000022           4          -4                                                              
   141    6        -5         5     1000022     1000022           3          -3                                                              
   142    6        -5         5     1000022     1000022           5          -5                                                              
   143    6        -5         5     1000022     1000022          21          21                                                              
   144    6        -5        21     1000022     1000022          -5          21                                                              
   145    6         5        -1     1000022     1000022          -1           5                                                              
   146    6         5         1     1000022     1000022           1           5                                                              
   147    6         5        -2     1000022     1000022          -2           5                                                              
   148    6         5         2     1000022     1000022           2           5                                                              
   149    6         5        -4     1000022     1000022          -4           5                                                              
   150    6         5         4     1000022     1000022           4           5                                                              
   151    6         5        -3     1000022     1000022          -3           5                                                              
   152    6         5         3     1000022     1000022           3           5                                                              
   153    6         5        -5     1000022     1000022           1          -1                                                              
   154    6         5        -5     1000022     1000022           2          -2                                                              
   155    6         5        -5     1000022     1000022           4          -4                                                              
   156    6         5        -5     1000022     1000022           3          -3                                                              
   157    6         5        -5     1000022     1000022           5          -5                                                              
   158    6         5        -5     1000022     1000022          21          21                                                              
   159    6         5         5     1000022     1000022           5           5                                                              
   160    6         5        21     1000022     1000022           5          21                                                              
   161    6        21        -1     1000022     1000022          -1          21                                                              
   162    6        21         1     1000022     1000022           1          21                                                              
   163    6        21        -2     1000022     1000022          -2          21                                                              
   164    6        21         2     1000022     1000022           2          21                                                              
   165    6        21        -4     1000022     1000022          -4          21                                                              
   166    6        21         4     1000022     1000022           4          21                                                              
   167    6        21        -3     1000022     1000022          -3          21                                                              
   168    6        21         3     1000022     1000022           3          21                                                              
   169    6        21        -5     1000022     1000022          -5          21                                                              
   170    6        21         5     1000022     1000022           5          21                                                              
   171    6        21        21     1000022     1000022           1          -1                                                              
   172    6        21        21     1000022     1000022           2          -2                                                              
   173    6        21        21     1000022     1000022           4          -4                                                              
   174    6        21        21     1000022     1000022           3          -3                                                              
   175    6        21        21     1000022     1000022           5          -5                                                              
