          -2           0     1000022     1000023          -2
          -2           2     1000022     1000023           0
          -1           0     1000022     1000023          -1
          -1           1     1000022     1000023           0
           0          -2     1000022     1000023          -2
           0          -1     1000022     1000023          -1
           0           1     1000022     1000023           1
           0           2     1000022     1000023           2
           1          -1     1000022     1000023           0
           1           0     1000022     1000023           1
           2          -2     1000022     1000023           0
           2           0     1000022     1000023           2
  real processes          34
          -2          -2     1000022     1000023          -2          -2
          -2          -1     1000022     1000023          -1          -2
          -2           0     1000022     1000023          -2           0
          -2           1     1000022     1000023           1          -2
          -2           2     1000022     1000023           0           0
          -2           2     1000022     1000023           1          -1
          -2           2     1000022     1000023           2          -2
          -1          -2     1000022     1000023          -1          -2
          -1          -1     1000022     1000023          -1          -1
          -1           0     1000022     1000023          -1           0
          -1           1     1000022     1000023           0           0
          -1           1     1000022     1000023           1          -1
          -1           1     1000022     1000023           2          -2
          -1           2     1000022     1000023          -1           2
           0          -2     1000022     1000023          -2           0
           0          -1     1000022     1000023          -1           0
           0           0     1000022     1000023           1          -1
           0           0     1000022     1000023           2          -2
           0           1     1000022     1000023           1           0
           0           2     1000022     1000023           2           0
           1          -2     1000022     1000023           1          -2
           1          -1     1000022     1000023           0           0
           1          -1     1000022     1000023           1          -1
           1          -1     1000022     1000023           2          -2
           1           0     1000022     1000023           1           0
           1           1     1000022     1000023           1           1
           1           2     1000022     1000023           1           2
           2          -2     1000022     1000023           0           0
           2          -2     1000022     1000023           1          -1
           2          -2     1000022     1000023           2          -2
           2          -1     1000022     1000023          -1           2
           2           0     1000022     1000023           2           0
           2           1     1000022     1000023           1           2
           2           2     1000022     1000023           2           2
  on-shell resonant real processes          22
          -2          -2     1000022     1000023          -2          -2
          -2          -1     1000022     1000023          -1          -2
          -2           1     1000022     1000023           1          -2
          -2           2     1000022     1000023           1          -1
          -2           2     1000022     1000023           2          -2
          -1          -2     1000022     1000023          -1          -2
          -1          -1     1000022     1000023          -1          -1
          -1           1     1000022     1000023           1          -1
          -1           1     1000022     1000023           2          -2
          -1           2     1000022     1000023          -1           2
           0           0     1000022     1000023           1          -1
           0           0     1000022     1000023           2          -2
           1          -2     1000022     1000023           1          -2
           1          -1     1000022     1000023           1          -1
           1          -1     1000022     1000023           2          -2
           1           1     1000022     1000023           1           1
           1           2     1000022     1000023           1           2
           2          -2     1000022     1000023           1          -1
           2          -2     1000022     1000023           2          -2
           2          -1     1000022     1000023          -1           2
           2           1     1000022     1000023           1           2
           2           2     1000022     1000023           2           2
