          -2           0     1000022     1000023          -2           0
          -2           2     1000022     1000023           0           0
          -1           0     1000022     1000023          -1           0
          -1           1     1000022     1000023           0           0
           0          -2     1000022     1000023          -2           0
           0          -1     1000022     1000023          -1           0
           0           1     1000022     1000023           1           0
           0           2     1000022     1000023           2           0
           1          -1     1000022     1000023           0           0
           1           0     1000022     1000023           1           0
           2          -2     1000022     1000023           0           0
           2           0     1000022     1000023           2           0