          -5           0     1000022     1000023          -5
          -5           5     1000022     1000023           0
          -4           0     1000022     1000023          -4
          -4           4     1000022     1000023           0
          -3           0     1000022     1000023          -3
          -3           3     1000022     1000023           0
          -2           0     1000022     1000023          -2
          -2           2     1000022     1000023           0
          -1           0     1000022     1000023          -1
          -1           1     1000022     1000023           0
           0          -5     1000022     1000023          -5
           0          -4     1000022     1000023          -4
           0          -3     1000022     1000023          -3
           0          -2     1000022     1000023          -2
           0          -1     1000022     1000023          -1
           0           1     1000022     1000023           1
           0           2     1000022     1000023           2
           0           3     1000022     1000023           3
           0           4     1000022     1000023           4
           0           5     1000022     1000023           5
           1          -1     1000022     1000023           0
           1           0     1000022     1000023           1
           2          -2     1000022     1000023           0
           2           0     1000022     1000023           2
           3          -3     1000022     1000023           0
           3           0     1000022     1000023           3
           4          -4     1000022     1000023           0
           4           0     1000022     1000023           4
           5          -5     1000022     1000023           0
           5           0     1000022     1000023           5
