### BORN, 24
# neutralino neutralino
          -4           0     1000022     1000022          -4
          -4           4     1000022     1000022           0
          -3           0     1000022     1000022          -3
          -3           3     1000022     1000022           0
          -2           0     1000022     1000022          -2
          -2           2     1000022     1000022           0
          -1           0     1000022     1000022          -1
          -1           1     1000022     1000022           0
           0          -4     1000022     1000022          -4
           0          -3     1000022     1000022          -3
           0          -2     1000022     1000022          -2
           0          -1     1000022     1000022          -1
           0           1     1000022     1000022           1
           0           2     1000022     1000022           2
           0           3     1000022     1000022           3
           0           4     1000022     1000022           4
           1          -1     1000022     1000022           0
           1           0     1000022     1000022           1
           2          -2     1000022     1000022           0
           2           0     1000022     1000022           2
           3          -3     1000022     1000022           0
           3           0     1000022     1000022           3
           4          -4     1000022     1000022           0
           4           0     1000022     1000022           4

### REAL, 116
# neutralino neutralino
          -4          -4     1000022     1000022          -4          -4
          -4          -3     1000022     1000022          -3          -4
          -4          -2     1000022     1000022          -2          -4
          -4          -1     1000022     1000022          -1          -4
          -4           0     1000022     1000022          -4           0
          -4           1     1000022     1000022           1          -4
          -4           2     1000022     1000022           2          -4
          -4           3     1000022     1000022           3          -4
          -4           4     1000022     1000022           0           0
          -4           4     1000022     1000022           1          -1
          -4           4     1000022     1000022           2          -2
          -4           4     1000022     1000022           3          -3
          -4           4     1000022     1000022           4          -4
          -3          -4     1000022     1000022          -3          -4
          -3          -3     1000022     1000022          -3          -3
          -3          -2     1000022     1000022          -2          -3
          -3          -1     1000022     1000022          -1          -3
          -3           0     1000022     1000022          -3           0
          -3           1     1000022     1000022           1          -3
          -3           2     1000022     1000022           2          -3
          -3           3     1000022     1000022           0           0
          -3           3     1000022     1000022           1          -1
          -3           3     1000022     1000022           2          -2
          -3           3     1000022     1000022           3          -3
          -3           3     1000022     1000022           4          -4
          -3           4     1000022     1000022          -3           4
          -2          -4     1000022     1000022          -2          -4
          -2          -3     1000022     1000022          -2          -3
          -2          -2     1000022     1000022          -2          -2
          -2          -1     1000022     1000022          -1          -2
          -2           0     1000022     1000022          -2           0
          -2           1     1000022     1000022           1          -2
          -2           2     1000022     1000022           0           0
          -2           2     1000022     1000022           1          -1
          -2           2     1000022     1000022           2          -2
          -2           2     1000022     1000022           3          -3
          -2           2     1000022     1000022           4          -4
          -2           3     1000022     1000022          -2           3
          -2           4     1000022     1000022          -2           4
          -1          -4     1000022     1000022          -1          -4
          -1          -3     1000022     1000022          -1          -3
          -1          -2     1000022     1000022          -1          -2
          -1          -1     1000022     1000022          -1          -1
          -1           0     1000022     1000022          -1           0
          -1           1     1000022     1000022           0           0
          -1           1     1000022     1000022           1          -1
          -1           1     1000022     1000022           2          -2
          -1           1     1000022     1000022           3          -3
          -1           1     1000022     1000022           4          -4
          -1           2     1000022     1000022          -1           2
          -1           3     1000022     1000022          -1           3
          -1           4     1000022     1000022          -1           4
           0          -4     1000022     1000022          -4           0
           0          -3     1000022     1000022          -3           0
           0          -2     1000022     1000022          -2           0
           0          -1     1000022     1000022          -1           0
           0           0     1000022     1000022           1          -1
           0           0     1000022     1000022           2          -2
           0           0     1000022     1000022           3          -3
           0           0     1000022     1000022           4          -4
           0           1     1000022     1000022           1           0
           0           2     1000022     1000022           2           0
           0           3     1000022     1000022           3           0
           0           4     1000022     1000022           4           0
           1          -4     1000022     1000022           1          -4
           1          -3     1000022     1000022           1          -3
           1          -2     1000022     1000022           1          -2
           1          -1     1000022     1000022           0           0
           1          -1     1000022     1000022           1          -1
           1          -1     1000022     1000022           2          -2
           1          -1     1000022     1000022           3          -3
           1          -1     1000022     1000022           4          -4
           1           0     1000022     1000022           1           0
           1           1     1000022     1000022           1           1
           1           2     1000022     1000022           1           2
           1           3     1000022     1000022           1           3
           1           4     1000022     1000022           1           4
           2          -4     1000022     1000022           2          -4
           2          -3     1000022     1000022           2          -3
           2          -2     1000022     1000022           0           0
           2          -2     1000022     1000022           1          -1
           2          -2     1000022     1000022           2          -2
           2          -2     1000022     1000022           3          -3
           2          -2     1000022     1000022           4          -4
           2          -1     1000022     1000022          -1           2
           2           0     1000022     1000022           2           0
           2           1     1000022     1000022           1           2
           2           2     1000022     1000022           2           2
           2           3     1000022     1000022           2           3
           2           4     1000022     1000022           2           4
           3          -4     1000022     1000022           3          -4
           3          -3     1000022     1000022           0           0
           3          -3     1000022     1000022           1          -1
           3          -3     1000022     1000022           2          -2
           3          -3     1000022     1000022           3          -3
           3          -3     1000022     1000022           4          -4
           3          -2     1000022     1000022          -2           3
           3          -1     1000022     1000022          -1           3
           3           0     1000022     1000022           3           0
           3           1     1000022     1000022           1           3
           3           2     1000022     1000022           2           3
           3           3     1000022     1000022           3           3
           3           4     1000022     1000022           3           4
           4          -4     1000022     1000022           0           0
           4          -4     1000022     1000022           1          -1
           4          -4     1000022     1000022           2          -2
           4          -4     1000022     1000022           3          -3
           4          -4     1000022     1000022           4          -4
           4          -3     1000022     1000022          -3           4
           4          -2     1000022     1000022          -2           4
           4          -1     1000022     1000022          -1           4
           4           0     1000022     1000022           4           0
           4           1     1000022     1000022           1           4
           4           2     1000022     1000022           2           4
           4           3     1000022     1000022           3           4
           4           4     1000022     1000022           4           4